-1.133712959289550781e+01 1.096494317054748535e+00
4.615540027618408203e+00 4.254211902618408203e+00
-9.978466987609863281e+00 -2.516114711761474609e+00
-1.276437664031982422e+01 -2.432468652725219727e+00
-3.347390413284301758e+00 5.965245366096496582e-01
-4.909028530120849609e+00 -1.150084257125854492e+00
-3.716338157653808594e+00 -1.255846023559570312e+00
-1.079551887512207031e+01 4.478901326656341553e-01
2.713748693466186523e+00 -4.194191932678222656e+00
1.496045231819152832e+00 -5.925629615783691406e+00
2.028082847595214844e+00 -3.060191392898559570e+00
3.043100357055664062e+00 5.104093074798583984e+00
4.022803306579589844e+00 5.259200096130371094e+00
-2.603857517242431641e+00 -1.969126582145690918e+00
3.187241554260253906e+00 6.753425121307373047e+00
2.000954627990722656e+00 2.339482784271240234e+00
2.206058263778686523e+00 -2.388839244842529297e+00
-7.728382110595703125e+00 2.638777494430541992e+00
-5.397922992706298828e+00 4.120687961578369141e+00
2.474534749984741211e+00 6.102849245071411133e-01
-4.645128726959228516e+00 2.605298042297363281e+00
-1.900640130043029785e+00 -1.917536497116088867e+00
8.866772055625915527e-01 -2.208863735198974609e+00
-1.227101039886474609e+01 1.393956303596496582e+00
7.655710577964782715e-01 7.220800399780273438e+00
-1.063015842437744141e+01 3.604609966278076172e+00
9.791470170021057129e-01 -4.825855731964111328e+00
-2.775480747222900391e+00 2.327952623367309570e+00
-2.587658882141113281e+00 6.051484107971191406e+00
-1.162025356292724609e+01 -2.505282163619995117e+00
-7.924209117889404297e+00 1.630701065063476562e+00
2.222058176994323730e-01 -5.430328369140625000e+00
4.995974063873291016e+00 -5.537744760513305664e-01
-4.023855209350585938e+00 -9.379092603921890259e-03
-4.157155036926269531e+00 8.387663841247558594e+00
-9.095726966857910156e+00 -1.817810416221618652e+00
-1.325487613677978516e+01 1.087253615260124207e-01
1.104625701904296875e+00 2.021831512451171875e+00
1.211380362510681152e+00 -3.732976198196411133e+00
2.401405125856399536e-01 8.564256668090820312e+00
2.733959436416625977e+00 4.260859012603759766e+00
1.202922239899635315e-01 9.670019149780273438e+00
3.119257688522338867e+00 2.162159442901611328e+00
1.870091199874877930e+00 3.350320816040039062e+00
7.232117176055908203e+00 -4.142238199710845947e-01
-2.708986043930053711e+00 6.268537998199462891e+00
-5.188906788825988770e-01 8.281710624694824219e+00
2.329809904098510742e+00 6.050127506256103516e+00
-3.270765066146850586e+00 -4.317163944244384766e+00
-2.279266834259033203e+00 9.003350257873535156e+00
3.914025545120239258e+00 9.269893646240234375e+00
-2.802426218986511230e-01 -3.508134841918945312e+00
2.124869108200073242e+00 -9.027127027511596680e-01
3.477844238281250000e+00 3.511841773986816406e+00
-1.103816890716552734e+01 3.445898771286010742e+00
-1.196075248718261719e+01 -1.663262724876403809e+00
-1.108872890472412109e+01 -1.527850389480590820e+00
5.394446372985839844e+00 7.296929359436035156e+00
-1.272405505180358887e+00 3.072327613830566406e+00
-7.809300422668457031e-01 1.959791660308837891e+00
-2.203433752059936523e+00 5.799536705017089844e+00
-1.067063522338867188e+01 -2.552437543869018555e+00
-1.212694931030273438e+01 -2.703999757766723633e+00
-1.336126089096069336e+00 -7.700128853321075439e-02
4.821797609329223633e-01 4.631166934967041016e+00
6.490046024322509766e+00 -4.873329401016235352e-01
-5.395808219909667969e+00 -2.749211549758911133e+00
4.511705599725246429e-03 2.838311910629272461e+00
3.572092771530151367e+00 9.243913650512695312e+00
4.140962600708007812e+00 7.115979194641113281e+00
3.499192476272583008e+00 4.275551319122314453e+00
1.741512775421142578e+00 6.878861904144287109e+00
-2.715140879154205322e-01 -1.074086308479309082e+00
8.161781430244445801e-01 7.684895038604736328e+00
-8.165912628173828125e+00 -3.065892219543457031e+00
3.793688535690307617e+00 -1.122467875480651855e+00
4.700399041175842285e-01 -6.686354279518127441e-01
6.670655727386474609e+00 -5.632700920104980469e-01
-1.570136427879333496e+00 -2.892191171646118164e+00
-2.145430892705917358e-01 -4.580299556255340576e-01
2.944041967391967773e+00 7.949926257133483887e-01
-1.092090320587158203e+01 -1.975133419036865234e+00
-5.161221027374267578e+00 8.864248394966125488e-01
9.752426743507385254e-01 2.597349405288696289e+00
-1.812824487686157227e+00 2.419836074113845825e-01
-4.226093769073486328e+00 -2.907894372940063477e+00
-4.355053305625915527e-01 3.753952026367187500e+00
9.511690139770507812e-01 3.858187675476074219e+00
-2.399824142456054688e+01 4.718231201171875000e+00
-7.749062061309814453e+00 1.676136732101440430e+00
1.417685747146606445e+00 7.981345176696777344e+00
1.896200299263000488e+00 8.587121009826660156e+00
-5.691536426544189453e+00 -5.161978006362915039e-01
-9.847723007202148438e+00 -1.071915745735168457e+00
3.238368749618530273e+00 4.942268848419189453e+00
-7.793489933013916016e+00 -2.073195219039916992e+00
-3.205457031726837158e-01 5.845934391021728516e+00
5.043987751007080078e+00 -2.994409322738647461e+00
2.678841352462768555e+00 -2.471569061279296875e+00
2.730148136615753174e-01 -4.422046661376953125e+00
-1.980865359306335449e+00 -3.938125848770141602e+00
7.304548263549804688e+00 2.700279951095581055e+00
-1.105854868888854980e+00 -3.846190452575683594e+00
2.654453754425048828e+00 1.614620804786682129e+00
-1.515148282051086426e-01 -2.464946746826171875e+00
-7.378931522369384766e+00 -2.479141950607299805e+00
-4.962062358856201172e+00 -2.290875434875488281e+00
9.897676706314086914e-01 8.427111625671386719e+00
-2.439589500427246094e+00 -2.676928758621215820e+00
-1.325207996368408203e+01 -1.125083565711975098e+00
-1.036044001579284668e+00 9.354873657226562500e+00
3.404051542282104492e+00 -4.222244262695312500e+00
-1.203300189971923828e+01 -1.277024269104003906e+00
2.713083982467651367e+00 -4.939230918884277344e+00
-9.192259788513183594e+00 -2.589499235153198242e+00
3.269971907138824463e-01 -4.087059974670410156e+00
-2.400973081588745117e+00 9.556723594665527344e+00
1.783881187438964844e+00 1.464053988456726074e+00
-1.258879089355468750e+01 -1.874297261238098145e+00
4.267275333404541016e+00 -2.679028511047363281e+00
4.559805393218994141e+00 4.995234966278076172e+00
-2.673490285873413086e+00 -3.623097181320190430e+00
-4.967718601226806641e+00 -4.337011337280273438e+00
-1.220234489440917969e+01 1.918225049972534180e+00
-3.493114233016967773e+00 -3.251500844955444336e+00
-2.360639572143554688e+00 -7.386854887008666992e-01
2.721627473831176758e+00 -9.289247915148735046e-03
5.358386039733886719e+00 4.428050041198730469e+00
-5.994446754455566406e+00 1.643882989883422852e+00
4.927686691284179688e+00 1.898922324180603027e+00
-6.628548622131347656e+00 -2.745972156524658203e+00
