-3.648531913757324219e+00 -3.887234687805175781e+00
1.016712665557861328e+00 4.386500358581542969e+00
1.194854736328125000e+00 1.806018829345703125e+00
4.795046329498291016e+00 1.527902841567993164e+00
-2.557386875152587891e+00 3.409914016723632812e+00
2.843723535537719727e+00 3.715670108795166016e+00
-2.722966670989990234e+00 5.598404884338378906e+00
-2.251042604446411133e+00 6.223813533782958984e+00
1.392333149909973145e+00 -3.469144582748413086e+00
-3.036237716674804688e+00 -8.349239349365234375e+00
-2.622751593589782715e-01 -5.377507686614990234e+00
7.933232188224792480e-01 4.867343425750732422e+00
7.141606330871582031e+00 2.960244655609130859e+00
-2.407856464385986328e+00 1.163402318954467773e+00
1.316599655151367188e+01 7.874274253845214844e-01
-1.049694538116455078e+00 2.035728693008422852e+00
1.714049935340881348e+00 2.426999092102050781e+00
-1.085953474044799805e+00 1.150509238243103027e+00
-3.515975475311279297e+00 6.488827705383300781e+00
1.650484800338745117e+00 5.919440388679504395e-01
3.962214469909667969e+00 2.595360040664672852e+00
4.145460605621337891e+00 -2.134235143661499023e+00
1.440440177917480469e+00 -5.639880299568176270e-01
-7.463409304618835449e-01 5.010652065277099609e+00
9.176834106445312500e+00 -1.905794978141784668e+00
-2.740832328796386719e+00 3.318613529205322266e+00
1.163113307952880859e+01 5.267833471298217773e-01
4.897607326507568359e+00 4.458069801330566406e+00
-4.649448871612548828e+00 -5.396849513053894043e-01
-6.789376258850097656e+00 -1.204948902130126953e+00
-5.574250817298889160e-01 3.503073692321777344e+00
-2.823269128799438477e+00 4.749691009521484375e+00
9.050058364868164062e+00 -2.734855175018310547e+00
-8.182891845703125000e+00 1.925319552421569824e+00
1.482327342033386230e+00 7.226212501525878906e+00
-8.725708961486816406e+00 4.428365528583526611e-01
7.742143630981445312e+00 -2.699421405792236328e+00
7.564187049865722656e+00 -1.240803718566894531e+00
-4.804260253906250000e+00 1.306884586811065674e-01
-6.597641944885253906e+00 -2.615551233291625977e+00
2.109920978546142578e+00 4.162103652954101562e+00
3.772955417633056641e+00 1.384817838668823242e+00
5.341647148132324219e+00 -3.649855032563209534e-02
-1.065812945365905762e+00 2.405813217163085938e+00
1.042199039459228516e+01 5.555281043052673340e-01
1.001060390472412109e+01 -1.810823976993560791e-01
1.172678565979003906e+01 -1.626082897186279297e+00
8.413649559020996094e+00 2.391506195068359375e+00
-1.232910394668579102e+00 -2.117842197418212891e+00
-6.648953437805175781e+00 -5.821846961975097656e+00
1.122835636138916016e+01 6.262552738189697266e-01
1.326324367523193359e+01 7.754155993461608887e-02
-3.246146202087402344e+00 -6.415439844131469727e-01
-6.146440982818603516e+00 -2.898304462432861328e+00
5.340528488159179688e+00 -3.939701557159423828e+00
-2.612955868244171143e-01 -2.130165100097656250e+00
9.568395465612411499e-02 -6.011640548706054688e+00
-4.735496520996093750e+00 -6.635912418365478516e+00
-2.402801811695098877e-01 8.882289528846740723e-01
6.083953857421875000e+00 -1.162707924842834473e+00
1.311135864257812500e+01 2.341499805450439453e+00
1.014142036437988281e+01 -1.961253643035888672e+00
1.027503395080566406e+01 -2.403831005096435547e+00
-4.301847934722900391e+00 2.674470424652099609e+00
-3.014422655105590820e+00 -1.390478014945983887e+00
-6.066168308258056641e+00 -1.584558606147766113e+00
8.303449630737304688e+00 -1.520978569984436035e+00
-2.765660524368286133e+00 -3.571547269821166992e+00
-5.744307041168212891e+00 -6.176594734191894531e+00
8.626015663146972656e+00 -2.254581928253173828e+00
9.653333663940429688e+00 -2.628607273101806641e+00
-4.668091297149658203e+00 1.129265785217285156e+00
-5.588098526000976562e+00 -2.925615787506103516e+00
6.746922016143798828e+00 -4.474303126335144043e-01
-5.014988899230957031e+00 -5.964207649230957031e+00
-2.767564773559570312e+00 -5.328562736511230469e+00
1.234620094299316406e+01 3.407593965530395508e+00
1.032761764526367188e+01 -3.503859758377075195e+00
5.516952037811279297e+00 2.993872880935668945e+00
1.211419820785522461e+00 -2.780794382095336914e+00
-2.500659227371215820e+00 -7.919731616973876953e+00
-3.803159713745117188e+00 -7.522194862365722656e+00
2.422308444976806641e+00 1.289873838424682617e+00
2.268323659896850586e+00 2.534188985824584961e+00
-4.484329223632812500e+00 8.694503903388977051e-01
-6.241985797882080078e+00 -1.968507528305053711e+00
-1.453966617584228516e+00 -3.537526845932006836e+00
-6.241998195648193359e+00 -3.932288646697998047e+00
-1.384935617446899414e+00 3.796983957290649414e+00
5.844738006591796875e+00 -6.807018518447875977e-01
4.214994907379150391e+00 4.973517358303070068e-01
-5.790353775024414062e+00 -5.246921539306640625e+00
-1.618556857109069824e+00 -1.467693686485290527e+00
7.226717948913574219e+00 -1.770942687988281250e+00
-7.605178833007812500e+00 2.353251218795776367e+00
-7.525738716125488281e+00 2.368185758590698242e+00
-8.788761138916015625e+00 -1.038889363408088684e-01
2.979306221008300781e+00 8.873949050903320312e-01
-2.017109870910644531e+00 4.699456691741943359e+00
5.276170253753662109e+00 -3.895724534988403320e+00
1.612272024154663086e+00 2.993046998977661133e+00
9.673316001892089844e+00 -3.377209186553955078e+00
-2.037167549133300781e+00 5.163551807403564453e+00
2.622253894805908203e-01 4.474822521209716797e+00
-2.357842922210693359e+00 -2.406066179275512695e+00
-4.800367832183837891e+00 -4.646568298339843750e+00
1.140359210968017578e+01 -2.741770029067993164e+00
3.578260421752929688e+00 3.081689178943634033e-01
-5.033672332763671875e+00 4.314992427825927734e+00
-3.758088350296020508e+00 -1.877592504024505615e-02
-7.502849102020263672e+00 -2.698822975158691406e+00
1.804698586463928223e+00 1.573359727859497070e+00
-5.844852924346923828e+00 -7.398302555084228516e+00
-1.461189985275268555e-01 -1.124354839324951172e+00
-4.513548851013183594e+00 4.808355808258056641e+00
-5.197049140930175781e+00 -1.939187765121459961e+00
5.813784003257751465e-01 1.974433660507202148e+00
-3.480415582656860352e+00 4.057925224304199219e+00
-3.187434911727905273e+00 -2.392239809036254883e+00
-4.629128456115722656e+00 5.452550411224365234e+00
-4.944362640380859375e+00 1.814244985580444336e+00
-5.256141662597656250e+00 -2.491752862930297852e+00
2.653292715549468994e-01 2.924058914184570312e+00
1.047128486633300781e+01 -2.953185319900512695e+00
-3.467093706130981445e+00 2.004442691802978516e+00
3.119403123855590820e+00 -1.934172153472900391e+00
4.195306077599525452e-02 -5.719993114471435547e+00
-4.801414012908935547e+00 -7.607790470123291016e+00
-1.723374247550964355e+00 -3.554497718811035156e+00
-5.372679233551025391e+00 -5.611231803894042969e+00
4.666818141937255859e+00 -4.495031356811523438e+00
