-1.835520477294921875e+02 -4.526511001586914062e+01 4.011032104492187500e+01
-4.550292205810546875e+01 -5.523390197753906250e+01 9.479532623291015625e+01
-8.076087951660156250e+01 -2.049044609069824219e+01 1.004654693603515625e+01
4.232372283935546875e+01 -6.208036804199218750e+01 3.526810836791992188e+01
-1.029924850463867188e+02 3.027186584472656250e+01 1.077230758666992188e+02
-9.681272125244140625e+01 -1.233523712158203125e+02 -4.204350280761718750e+01
-4.191447830200195312e+01 1.373071441650390625e+02 1.136641235351562500e+02
-5.240362548828125000e+01 1.723218231201171875e+02 7.398160552978515625e+01
-1.659493713378906250e+02 -1.469477653503417969e+01 1.091596145629882812e+02
-2.746403217315673828e+00 -1.705775756835937500e+02 1.015993728637695312e+02
1.104743118286132812e+02 6.024389648437500000e+01 -1.012070846557617188e+01
-5.290929412841796875e+01 -1.364753055572509766e+01 6.464229583740234375e+01
-1.013747711181640625e+02 -4.996286392211914062e+01 -1.353497161865234375e+02
-3.649629211425781250e+01 6.594329071044921875e+01 -2.774819183349609375e+01
1.394651489257812500e+02 -1.414086608886718750e+02 1.164834117889404297e+01
-3.770823287963867188e+01 -6.224355697631835938e+01 3.263947296142578125e+01
4.768743038177490234e+00 -2.430962944030761719e+01 7.934397125244140625e+01
-1.020793914794921875e+02 6.163581466674804688e+01 -2.093125581741333008e+00
-8.002167510986328125e+01 1.916561737060546875e+02 2.095132827758789062e+01
-1.298701477050781250e+02 -7.759849071502685547e+00 -1.827916526794433594e+01
9.079068183898925781e+00 -6.325013732910156250e+01 -1.530741214752197266e+01
1.128889923095703125e+02 7.068100738525390625e+01 -1.401037750244140625e+02
-1.260693740844726562e+02 -8.658798980712890625e+01 1.963456726074218750e+01
-9.934539031982421875e+01 -3.923037338256835938e+01 6.508455657958984375e+01
8.265085601806640625e+01 -4.196548843383789062e+01 -3.315723800659179688e+01
-8.454701232910156250e+01 3.626718902587890625e+01 6.872135925292968750e+01
5.983840942382812500e+01 -8.963014221191406250e+01 -6.575972747802734375e+01
-5.207627296447753906e+00 3.855461120605468750e+01 3.135930252075195312e+01
-8.912010192871093750e+01 9.681315612792968750e+01 6.298718261718750000e+01
-6.858927249908447266e+00 1.778836517333984375e+02 3.232595443725585938e+00
-1.293645324707031250e+02 5.558174610137939453e+00 3.966100311279296875e+01
-7.154560089111328125e+01 1.479831542968750000e+02 -2.374800682067871094e+01
5.435353851318359375e+01 -1.001825180053710938e+02 1.106197891235351562e+02
-9.577478027343750000e+01 -8.473873901367187500e+01 1.340419006347656250e+02
-3.266723632812500000e+01 1.869278717041015625e+02 -8.676250457763671875e+01
-7.027176666259765625e+01 -1.228621749877929688e+02 1.117368087768554688e+02
1.887574920654296875e+02 -1.601170921325683594e+01 -5.374466705322265625e+01
5.514720153808593750e+01 1.714963340759277344e+01 -8.434679412841796875e+01
-1.472709350585937500e+02 7.247429656982421875e+01 5.681431198120117188e+01
-4.087708473205566406e+00 1.415368652343750000e+02 -4.523753356933593750e+01
3.687249755859375000e+01 1.065509872436523438e+02 1.244545669555664062e+02
5.858223342895507812e+01 1.641400909423828125e+02 8.097246551513671875e+01
-2.204323577880859375e+01 -5.045254135131835938e+01 -6.090289688110351562e+01
-5.618485641479492188e+01 1.652314758300781250e+01 -8.981764984130859375e+01
7.611385345458984375e+01 8.885871887207031250e+01 -8.754373931884765625e+01
1.546644439697265625e+02 -1.154756088256835938e+02 -6.552576446533203125e+01
1.257018966674804688e+02 -4.899880599975585938e+01 -1.647003631591796875e+02
1.531000614166259766e+01 7.765832519531250000e+01 -8.590923309326171875e+01
8.837688446044921875e+01 -1.042296981811523438e+01 2.166169548034667969e+01
1.288733367919921875e+02 -6.051331710815429688e+01 1.269371261596679688e+02
8.993192291259765625e+01 -1.208973770141601562e+02 -8.523742675781250000e+01
1.102589263916015625e+02 -1.139478302001953125e+02 -1.092697715759277344e+01
-7.152318572998046875e+01 9.088450622558593750e+01 -5.960762786865234375e+01
-5.938843250274658203e+00 1.163393478393554688e+02 -1.535972356796264648e+00
-3.627784347534179688e+01 -1.083773040771484375e+02 -1.897506866455078125e+02
-1.707351875305175781e+01 2.691104650497436523e+00 -1.691558532714843750e+02
1.232277679443359375e+02 4.865902328491210938e+01 4.557385635375976562e+01
2.376669311523437500e+01 -1.549002380371093750e+02 -9.594995117187500000e+01
-5.631064987182617188e+01 3.211738204956054688e+01 1.144202899932861328e+01
-2.336218833923339844e+01 -9.718151855468750000e+01 -9.441445922851562500e+01
-1.990017700195312500e+02 1.758343458175659180e+00 -2.351390647888183594e+01
1.238915557861328125e+02 -6.427307891845703125e+01 -1.028816986083984375e+02
1.462982940673828125e+02 -1.687261199951171875e+01 -9.807501983642578125e+01
5.637301635742187500e+01 -1.319407806396484375e+02 5.321297073364257812e+01
4.384967803955078125e+01 2.828814315795898438e+01 -1.582374114990234375e+02
-1.166358947753906250e+01 5.048484039306640625e+01 1.103522949218750000e+02
9.964901924133300781e+00 -6.296128845214843750e+01 -1.452153472900390625e+02
2.165865516662597656e+01 6.088017654418945312e+01 -1.016162014007568359e+01
7.416020965576171875e+01 1.681433105468750000e+02 -2.125498580932617188e+01
1.129571228027343750e+02 2.855344581604003906e+01 -7.911100006103515625e+01
8.946778106689453125e+01 -2.620845031738281250e+01 -8.094354248046875000e+01
9.740152740478515625e+01 -8.582762908935546875e+01 5.995047378540039062e+01
-1.382702636718750000e+01 -7.676613616943359375e+01 1.507023468017578125e+02
-3.483966445922851562e+01 -4.404490280151367188e+01 -1.128243789672851562e+02
5.520691680908203125e+01 1.468124389648437500e+02 2.258668708801269531e+01
-1.398315582275390625e+02 -7.452204227447509766e+00 -9.571513366699218750e+01
1.807991333007812500e+02 -8.178476715087890625e+01 -5.026299953460693359e+00
1.023979721069335938e+02 -3.912850856781005859e+00 -1.274551162719726562e+02
7.976392269134521484e+00 8.481399536132812500e+00 -5.019792556762695312e+01
6.376428008079528809e-01 1.394553852081298828e+01 -1.182406768798828125e+02
-3.189919090270996094e+01 -1.354781188964843750e+02 -2.451074218750000000e+01
-1.227674198150634766e+01 -1.675444946289062500e+02 -6.044271850585937500e+01
-7.070069122314453125e+01 -2.982349395751953125e+01 -3.895539093017578125e+01
-7.495382690429687500e+01 -7.670514678955078125e+01 -1.070731544494628906e+01
-1.491123557090759277e+00 -1.045408401489257812e+02 6.605092620849609375e+01
-3.305445098876953125e+01 8.084154510498046875e+01 7.510297393798828125e+01
-7.248498535156250000e+01 8.618285369873046875e+01 -1.178887100219726562e+02
-1.570457305908203125e+02 -6.703778076171875000e+01 -4.434445190429687500e+01
5.414738845825195312e+01 -2.854597282409667969e+01 1.171344985961914062e+02
-6.421712493896484375e+01 -7.733901977539062500e+01 -7.955590820312500000e+01
7.051541137695312500e+01 8.730813598632812500e+01 3.123238182067871094e+01
4.717650222778320312e+01 2.214351654052734375e+01 1.610328521728515625e+02
-1.199445114135742188e+02 6.170023345947265625e+01 -6.959005737304687500e+01
2.516303825378417969e+01 -4.461660003662109375e+01 -9.407683563232421875e+01
-3.436386489868164062e+01 -7.290737628936767578e+00 1.471060180664062500e+02
5.696315002441406250e+01 -1.816469268798828125e+02 -1.807152366638183594e+01
1.736605529785156250e+02 8.623056030273437500e+01 -4.479256057739257812e+01
8.154165267944335938e+00 -1.619814682006835938e+01 1.940854263305664062e+01
6.542637634277343750e+01 4.111585998535156250e+01 1.044950332641601562e+02
3.156345176696777344e+01 9.195345306396484375e+01 -1.424760742187500000e+02
1.258481521606445312e+02 1.149833908081054688e+02 5.633096313476562500e+01
1.275986633300781250e+02 -6.854734897613525391e+00 -4.235165786743164062e+01
-1.008428192138671875e+01 -1.649800415039062500e+02 3.036653900146484375e+01
-8.087880706787109375e+01 -2.240954589843750000e+01 1.128010330200195312e+02
1.068631134033203125e+02 -1.145875358581542969e+01 6.661476898193359375e+01
5.312150192260742188e+01 1.140208129882812500e+02 -2.750975799560546875e+01
7.734642028808593750e+01 -5.614858627319335938e+01 -1.328225250244140625e+02
-2.691753578186035156e+01 -1.145910263061523438e+01 -1.351936912536621094e+01
-1.321136322021484375e+02 1.336354217529296875e+02 -3.933938598632812500e+01
-1.626915130615234375e+02 7.294149017333984375e+01 -7.986875772476196289e-01
-1.063711776733398438e+02 1.257020111083984375e+02 1.789887428283691406e+01
3.799785995483398438e+01 8.799854278564453125e+00 5.843808746337890625e+01
1.063793640136718750e+02 4.553161621093750000e+01 1.652696685791015625e+02
-1.401791839599609375e+02 1.392299041748046875e+02 8.117421722412109375e+01
-7.520062255859375000e+01 -1.325854797363281250e+02 4.429762649536132812e+01
-4.925252532958984375e+01 1.013230667114257812e+02 2.367175292968750000e+01
-8.022048187255859375e+01 2.347393798828125000e+01 -3.759501266479492188e+01
-8.953947448730468750e+01 2.090483474731445312e+01 -1.429347991943359375e+02
1.620934448242187500e+02 -1.213630485534667969e+01 5.428195953369140625e+01
-4.623794937133789062e+01 9.232530212402343750e+01 1.565333251953125000e+02
-8.314663696289062500e+01 4.010369873046875000e+01 1.687495269775390625e+02
-6.713190078735351562e+00 1.223464355468750000e+02 5.202034759521484375e+01
3.493047332763671875e+01 6.180505752563476562e+01 6.862725830078125000e+01
1.335790405273437500e+02 -5.591361999511718750e+01 -5.316018676757812500e+01
7.562884688377380371e-02 -1.916893196105957031e+01 1.935474700927734375e+02
3.004602813720703125e+01 -1.147580413818359375e+02 -1.469516181945800781e+01
1.474890594482421875e+02 4.301819610595703125e+01 9.627857208251953125e+00
1.440641784667968750e+02 9.483959197998046875e+00 1.285741882324218750e+02
6.146643066406250000e+01 2.878532791137695312e+01 -1.256927776336669922e+01
4.054285812377929688e+01 -1.294950561523437500e+02 -1.402575531005859375e+02
-1.318122291564941406e+01 1.167092285156250000e+02 -1.489545288085937500e+02
